105969086889373
256969081889373
507969076889373
858969071889373
1309969066889373
1860969061889373
2511969056889373
3262969051889373
4113969046889373
5046955851015871
4097756986015871
3248558121015871
2499359256015871
1850160391015871
1300961526015871
851762661015871
502563796015871
253364931015871
104166066015871
55003223255645
107804338255645
260605453255645
513406568255645
866207683255645
1319008798255645
1871809913255645
2524611028255645
3277412143255645
4130213258255645
5030082772774815
4082573987774815
3235065202774815
2487556417774815
1840047632774815
1292538847774815
845030062774815
497521277774815
250012492774815
102503707774815
55064745378335
109555920378335
264047095378335
518538270378335
873029445378335
1327520620378335
1882011795378335
2536502970378335
3290994145378335
4145485320378335
5014915956313701
4068928791313701
3222941626313701
2476954461313701
1830967296313701
1284980131313701
838992966313701
493005801313701
247018636313701
101031471313701
55144559506015
111157334506015
267170109506015
523182884506015
879195659506015
1335208434506015
1891221209506015
2547233984506015
3303246759506015
4159259534506015
5000387886454141
4055860441454141
3211332996454141
2466805551454141
1822278106454141
1277750661454141
833223216454141
488695771454141
244168326454141
99640881454141
55242881676125
112715356676125
270187831676125
527660306676125
885132781676125
1342605256676125
1900077731676125
2557550206676125
3315022681676125
4172495156676125
4988746540952815
4045390315952815
3202034090952815
2458677865952815
1815321640952815
1271965415952815
828609190952815
485252965952815
241896740952815
98540515952815
55337157909085
