106002205006092
257002200006092
508002195006092
859002190006092
1310002185006092
1861002180006092
2512002175006092
3263002170006092
4114002165006092
5045022739427310
4096020674427310
3247018609427310
2498016544427310
1849014479427310
1300012414427310
851010349427310
502008284427310
253006219427310
104004154427310
55042047627724
108039962627724
261037877627724
514035792627724
867033707627724
1320031622627724
1873029537627724
2526027452627724
3279025367627724
4132023282627724
5030149207740564
4082637082740564
3235124957740564
2487612832740564
1840100707740564
1292588582740564
845076457740564
497564332740564
250052207740564
102540082740564
55097713545420
109585548545420
264073383545420
518561218545420
873049053545420
1327536888545420
1882024723545420
2536512558545420
3291000393545420
4145488228545420
5015333134513684
4069307409513684
3223281684513684
2477255959513684
1831230234513684
1285204509513684
839178784513684
493153059513684
247127334513684
101101609513684
55175366529134
111149581529134
267123796529134
523098011529134
879072226529134
1335046441529134
1891020656529134
2546994871529134
3302969086529134
4158943301529134
5000624884797310
4056076939797310
3211528994797310
2466981049797310
1822433104797310
1277885159797310
833337214797310
488789269797310
244241324797310
99693379797310
55274470035694
112726445035694
270178420035694
527630395035694
885082370035694
1342534345035694
1899986320035694
2557438295035694
3314890270035694
4172342245035694
4987767480999404
4044513155999404
3201258830999404
2458004505999404
1814750180999404
1271495855999404
828241530999404
484987205999404
241732880999404
98478555999404
55379135853774
