16
256 65536
18 45 158 199 237 106 115 164 175 227 104 91 56 45 78 197 110 131 60 156 186 66 15 3 138 110 229 251 205 44 161 239 122 70 107 41 9 170 45 90 248 235 22 22 71 190 27 85 252 127 113 244 160 170 21 50 193 98 68 51 110 237 3 129 190 53 152 134 73 73 14 18 173 218 182 219 10 190 161 248 135 113 38 102 203 143 98 131 132 91 179 150 228 60 61 69 30 58 101 28 238 133 88 13 14 239 133 235 194 109 31 238 77 153 156 50 121 51 56 55 20 155 115 98 109 89 143 123 219 150 19 46 54 160 74 138 92 106 197 132 174 9 213 117 144 56 18 152 236 213 215 141 176 98 195 217 75 133 57 100 52 136 225 249 99 217 37 201 214 139 181 232 14 212 3 207 143 141 200 216 99 181 125 198 152 238 227 58 189 254 123 63 105 80 15 191 180 113 39 11 188 147 149 87 34 13 234 59 138 216 254 51 31 20 108 32 12 129 19 198 4 7 150 76 187 46 221 190 106 166 146 142 79 193 165 15 43 244 201 249 194 90 244 232 94 48 227 221 77 90 147 187 94 221 201 203
256 65536
104 99 140 57 196 186 165 148 206 85 38 82 103 201 224 73 118 82 235 55 98 75 34 60 154 185 164 91 13 193 85 253 178 46 90 109 2 236 161 92 121 143 87 95 24 205 111 108 230 256 34 97 106 165 106 125 51 223 133 229 80 244 120 32 216 207 138 156 100 125 196 39 144 176 120 118 126 63 183 161 82 164 217 165 183 124 249 225 88 11 119 153 104 181 116 118 27 134 89 4 42 171 80 51 83 247 201 215 215 95 247 40 251 126 81 67 135 18 17 167 74 125 184 184 148 69 136 63 186 148 8 232 149 184 132 194 3 164 139 195 101 110 111 66 32 207 200 123 28 166 242 15 72 117 138 129 19 226 244 185 245 56 216 133 228 227 161 19 223 248 253 121 103 170 96 46 1 214 128 141 181 120 218 89 146 52 44 52 40 206 249 38 12 178 8 29 87 109 229 103 39 49 95 57 29 85 8 44 222 211 185 186 147 201 11 197 104 248 222 17 16 72 214 197 63 66 217 238 47 148 146 252 28 145 241 68 200 175 169 124 248 7 177 65 244 216 196 148 11 4 225 89 13 145 203 215
256 65536
207 41 137 59 171 154 231 20 253 87 244 216 167 246 130 94 141 176 170 98 26 229 69 5 186 149 115 74 94 231 24 154 251 166 90 65 10 190 37 239 10 196 167 55 250 108 212 19 223 16 227 94 68 48 206 88 181 236 214 38 67 140 254 80 3 249 139 66 143 65 138 203 131 22 74 160 1 80 222 218 46 103 156 116 178 249 160 206 60 74 74 45 252 191 187 56 39 98 93 124 119 98 88 234 168 143 29 84 252 226 223 243 184 243 21 228 165 129 250 166 144 238 13 157 202 192 145 147 168 34 14 50 4 96 206 139 186 111 97 145 44 98 26 159 191 246 143 238 92 7 28 32 240 25 97 184 236 208 192 159 197 120 224 161 117 126 45 238 248 244 85 153 208 17 204 28 130 175 73 211 23 203 71 124 156 9 133 189 162 46 134 158 190 164 18 11 10 249 179 83 163 96 57 172 41 46 55 172 66 94 131 209 22 14 186 251 212 256 185 237 44 26 37 207 212 230 228 174 4 19 162 251 249 242 78 8 117 249 154 143 61 68 126 42 154 15 181 219 217 61 62 134 203 212 220 114
256 65536
69 127 151 205 161 10 57 37 60 234 210 239 246 179 53 3 181 159 120 30 226 14 120 94 234 256 83 202 190 157 236 200 83 174 106 165 35 33 185 17 171 136 7 160 235 154 72 74 233 177 179 235 46 75 67 196 71 138 56 248 69 180 147 16 62 179 157 120 202 149 96 255 134 13 44 91 148 240 20 163 25 186 111 211 190 7 87 75 48 26 45 80 161 89 19 138 68 206 112 132 212 168 112 48 14 184 130 96 50 245 216 78 134 248 234 21 211 128 243 53 230 240 114 19 16 204 171 118 167 64 36 12 131 153 40 227 129 201 71 240 4 231 212 139 111 173 102 241 172 248 87 193 168 76 72 128 212 78 155 21 166 71 248 77 22 168 201 88 33 128 189 74 74 8 72 155 20 24 34 168 137 175 196 47 182 110 238 215 44 29 36 166 129 38 44 137 205 21 145 207 46 30 35 174 68 151 117 189 181 121 94 120 170 227 121 192 80 151 164 88 89 123 133 105 120 26 256 254 232 33 194 137 230 226 186 93 50 212 154 49 147 16 90 163 80 214 182 179 183 6 171 68 153 168 254 158
256 65536
204 101 181 239 168 11 155 197 139 12 192 149 85 255 247 56 236 30 87 105 186 199 187 72 42 252 66 217 46 226 207 134 188 69 138 153 76 19 93 195 92 221 119 152 236 89 205 16 3 226 148 8 40 246 200 191 233 183 169 89 87 107 57 96 136 252 191 62 20 121 70 195 153 147 30 165 56 33 90 251 21 156 81 194 218 164 30 89 52 121 32 4 85 130 122 108 113 202 148 28 65 126 152 6 131 112 246 253 119 151 224 57 99 141 207 214 17 15 252 84 76 129 232 24 102 104 212 234 181 237 74 118 18 97 146 203 88 179 61 222 235 252 159 8 46 244 76 132 12 121 162 242 112 15 63 215 204 91 135 27 150 167 31 137 199 98 117 82 90 157 53 138 211 142 213 170 181 17 10 13 11 34 81 115 224 100 103 128 199 157 209 62 83 55 85 151 160 193 127 220 201 108 30 65 111 143 196 94 57 36 73 175 78 72 72 21 220 191 160 84 149 109 244 147 45 222 44 222 221 191 242 167 227 98 54 65 256 62 171 100 248 109 71 172 22 45 199 26 165 96 40 145 120 11 47 90
256 65536
99 218 226 161 191 155 13 245 234 191 191 204 197 220 202 252 52 45 70 68 161 16 14 193 122 135 65 121 175 184 194 212 53 109 185 29 133 149 17 5 29 193 247 33 254 168 97 103 44 163 133 181 50 49 93 74 155 117 42 75 122 179 238 63 227 214 240 148 111 237 60 24 188 170 33 128 235 226 177 228 32 15 68 65 6 209 245 246 72 104 35 71 25 60 242 222 173 86 200 68 190 228 208 108 8 185 122 41 204 202 249 179 81 178 195 39 94 47 21 4 194 162 109 174 205 147 14 238 212 43 127 112 176 185 12 67 63 46 68 93 226 160 121 21 254 202 67 167 123 139 253 180 72 99 71 191 213 249 130 176 151 151 87 85 135 172 48 220 163 73 190 91 108 165 113 73 103 153 3 2 156 37 238 70 26 233 241 186 113 173 143 101 54 217 143 53 131 253 125 120 116 75 40 99 171 24 34 143 204 95 67 118 2 61 39 250 120 118 171 223 225 239 115 76 241 50 103 78 226 237 50 86 240 115 194 182 221 57 203 39 110 90 68 69 235 20 232 17 163 73 181 111 102 255 113 166
256 65536
9 224 32 227 230 187 143 181 89 1 205 146 68 73 172 81 140 204 68 175 153 233 113 202 218 162 80 168 63 30 198 177 189 37 249 49 206 167 212 216 238 53 136 57 31 134 6 78 102 244 133 242 75 252 2 102 93 194 187 205 172 138 179 175 77 64 50 122 218 241 66 252 239 80 51 234 174 50 23 93 60 18 71 80 66 142 220 35 108 232 54 27 237 134 121 223 250 114 11 253 74 218 24 99 157 145 14 230 50 140 33 190 79 103 200 8 188 222 62 67 72 84 2 211 67 79 87 130 2 249 197 250 95 161 150 76 55 56 90 108 234 213 99 178 221 49 74 90 251 44 104 5 48 70 94 54 237 38 142 214 167 23 159 177 88 134 252 247 253 134 86 187 22 76 30 119 40 178 12 135 62 184 155 169 100 255 138 131 43 76 92 29 41 11 217 99 117 201 139 164 47 185 66 22 246 49 145 79 112 42 78 205 198 195 21 112 37 189 198 251 62 256 3 150 198 22 179 79 247 171 130 148 13 19 94 186 202 196 251 122 243 215 80 110 209 139 24 152 177 194 83 220 100 131 194 129
256 65536
192 118 110 181 29 107 33 6 216 211 235 233 211 69 159 54 243 251 83 170 161 82 228 99 74 78 111 104 223 19 217 31 86 109 73 213 39 73 168 58 207 58 40 226 80 245 186 197 175 213 150 191 117 88 183 17 47 159 92 222 238 242 137 175 200 58 132 240 85 134 88 112 50 134 85 229 130 19 142 102 104 165 89 239 142 219 211 224 161 247 90 126 210 95 17 113 86 30 95 69 231 96 112 233 66 249 178 50 167 223 90 89 92 172 221 121 42 29 119 18 222 149 167 137 201 155 177 165 65 87 27 20 30 25 48 228 62 210 128 10 1 154 94 222 205 40 97 157 139 93 227 230 40 185 133 62 21 228 169 140 200 39 246 157 57 240 216 161 102 82 254 172 207 130 218 54 250 91 36 156 240 219 88 156 190 164 51 221 246 124 58 101 43 205 51 33 120 38 169 96 250 184 108 88 81 217 15 160 35 132 105 180 153 216 20 117 225 149 241 166 170 162 162 112 171 137 15 223 28 249 226 98 58 68 11 79 200 222 60 92 137 228 109 39 199 146 89 176 207 204 256 218 115 150 35 237
256 65536
134 156 203 23 99 171 195 230 103 54 25 207 115 210 161 171 107 186 114 53 185 75 103 141 202 137 159 183 144 153 253 29 254 69 168 9 143 123 140 44 192 206 216 26 146 244 126 203 9 70 183 28 175 67 124 76 17 13 14 128 65 234 110 63 82 196 229 246 224 170 126 117 133 77 135 111 101 131 20 254 163 200 124 30 233 184 218 46 229 150 141 114 198 201 184 147 195 89 195 29 148 118 216 255 247 242 103 15 44 194 162 132 122 128 1 122 168 236 192 113 132 103 92 206 96 118 26 89 144 69 128 190 237 33 218 12 85 253 182 57 40 238 104 155 205 175 135 112 43 30 110 87 48 189 188 213 78 50 212 210 249 199 94 25 42 234 196 219 223 174 182 44 152 73 167 133 220 148 77 65 178 142 37 32 40 217 236 198 208 60 39 61 62 31 156 111 139 18 215 173 213 70 166 43 189 18 157 129 231 111 147 43 125 125 35 10 173 252 44 226 38 212 82 218 159 141 123 255 81 215 82 192 119 4 199 115 213 137 140 207 46 129 154 112 205 42 170 87 253 101 189 103 145 58 149 233
256 65536
93 82 57 9 186 123 117 86 6 40 87 70 34 238 180 176 242 9 161 80 225 213 250 70 90 84 222 151 80 175 48 171 183 173 24 205 8 61 128 174 193 242 152 227 227 130 83 98 114 71 232 9 249 190 81 23 3 10 207 177 163 113 100 94 237 222 87 140 122 94 180 9 232 163 201 138 88 132 171 39 239 123 175 221 85 37 241 11 57 198 208 245 202 194 112 69 63 37 54 133 81 28 80 165 188 122 43 123 194 52 251 62 167 229 54 11 54 75 25 97 58 200 34 164 6 226 148 157 238 195 246 248 204 185 148 196 124 183 252 247 96 211 131 232 220 198 190 211 219 111 9 89 72 80 3 253 150 15 16 167 57 247 214 37 43 116 192 165 104 155 126 61 114 159 131 100 205 93 134 118 132 209 2 51 162 159 181 64 186 139 36 164 96 1 22 77 174 142 21 137 192 100 240 141 56 218 60 242 186 234 206 50 113 178 66 47 137 244 120 173 179 149 17 211 164 33 246 175 149 70 210 175 197 84 147 40 242 196 237 210 228 174 215 73 227 81 11 142 59 143 138 133 191 110 22 117
256 65536
67 152 183 139 33 219 55 86 181 170 166 76 225 155 214 68 138 231 223 251 25 238 157 143 250 176 45 6 32 84 116 200 127 165 152 33 145 144 132 193 210 167 104 59 68 161 55 137 236 215 40 134 83 201 54 115 5 151 160 115 21 137 105 14 152 136 217 178 37 162 250 45 92 138 28 52 92 21 81 224 74 190 241 44 209 34 24 120 157 133 35 9 223 76 55 134 204 129 186 125 30 83 216 220 145 146 255 120 103 55 99 137 229 218 123 44 212 58 130 224 256 185 247 9 188 221 29 113 93 209 124 194 186 225 94 13 179 2 83 70 167 71 173 197 252 109 5 198 154 80 180 234 112 116 91 180 238 125 91 13 138 183 94 193 59 143 204 256 1 23 87 221 91 134 112 210 207 182 207 59 102 165 239 214 44 244 143 73 180 107 50 156 147 115 160 187 225 154 99 245 187 19 75 128 195 51 234 242 158 245 25 201 117 119 113 229 117 123 211 9 79 231 225 93 184 69 130 239 234 68 98 45 34 53 111 108 32 142 93 101 170 107 35 178 9 8 124 85 137 72 103 50 254 49 168 145
256 65536
58 110 69 157 152 204 9 231 116 189 4 227 176 216 8 105 49 86 46 54 96 151 79 105 170 155 140 6 256 138 199 118 88 45 39 5 42 114 152 99 243 235 73 36 182 79 44 64 118 248 121 147 188 100 43 94 23 181 129 196 152 49 127 78 82 194 106 104 224 118 80 225 223 256 126 111 111 53 8 41 182 145 68 11 93 176 79 117 17 213 134 172 3 102 14 88 105 109 78 5 251 25 112 162 118 59 227 4 28 202 219 100 50 95 208 221 129 185 251 239 214 59 220 255 131 105 183 212 219 111 17 28 185 154 56 229 250 220 185 36 254 76 232 49 43 164 91 73 106 193 111 11 168 39 194 252 87 123 183 3 234 7 245 237 92 57 232 234 170 35 63 14 84 253 108 209 224 159 39 144 87 8 235 9 198 218 120 227 191 218 79 36 213 117 57 185 36 54 193 241 198 81 181 2 94 28 169 131 146 144 115 240 137 204 176 42 113 146 62 244 251 201 192 119 221 249 30 191 79 210 2 59 143 165 91 65 93 233 222 135 127 184 128 171 62 79 253 173 232 145 85 112 76 133 73 60
256 65536
65 212 226 63 31 76 235 7 67 95 114 9 144 164 75 30 233 85 141 1 184 208 18 210 106 23 251 149 241 79 43 180 65 68 199 121 211 228 188 149 36 192 57 156 55 142 48 135 15 169 218 48 54 143 48 217 58 98 114 166 42 104 164 30 29 140 12 174 171 218 182 38 114 6 240 57 146 230 206 1 49 243 167 122 249 205 150 3 149 180 250 224 55 15 246 186 21 233 242 29 231 111 24 248 107 115 215 33 226 236 100 207 144 116 52 30 63 201 132 142 189 76 209 132 89 133 96 200 106 157 183 6 200 226 34 77 81 70 47 147 101 225 50 46 107 107 194 92 74 195 58 188 240 106 57 211 207 8 34 137 91 230 157 169 141 115 20 100 99 192 55 206 94 3 120 96 2 24 144 117 89 251 248 205 113 79 113 12 217 218 125 60 40 6 227 71 118 98 47 126 225 32 47 21 10 148 119 164 149 187 222 167 173 177 255 255 125 58 185 112 184 58 176 33 17 61 201 31 196 240 178 217 12 165 87 165 170 212 110 58 101 148 237 52 132 38 142 148 86 107 82 61 170 104 251 120
256 65536
87 201 144 113 182 92 221 183 34 146 240 192 127 1 157 99 177 228 251 92 32 153 229 203 58 34 123 181 241 165 158 130 57 236 119 125 140 230 240 87 102 36 57 165 200 93 69 93 185 234 74 93 192 74 69 228 108 160 116 23 204 48 218 125 247 229 190 132 134 206 44 250 21 157 114 148 197 39 164 106 189 230 26 121 164 122 237 32 41 35 125 163 124 73 237 172 210 245 165 197 228 85 208 222 112 60 220 205 183 159 252 201 254 25 169 239 13 104 29 190 179 237 214 154 63 48 25 76 8 90 109 128 231 186 28 69 184 65 181 145 221 5 141 187 186 194 57 255 58 84 21 254 73 62 192 59 87 38 158 159 219 86 85 245 206 61 80 111 44 236 63 31 119 154 149 127 51 33 9 234 107 126 21 32 43 84 122 198 3 106 186 227 139 40 157 101 217 30 173 154 12 126 185 183 197 157 86 85 169 118 89 238 224 38 94 100 153 113 68 123 132 60 175 90 86 17 133 15 73 158 114 8 153 54 100 154 8 78 15 125 90 1 105 77 218 141 47 11 212 212 95 155 25 220 188 68
256 65536
126 79 78 51 92 252 223 247 18 84 126 6 126 238 256 55 136 3 122 71 152 242 200 84 27 189 10 101 1 139 33 223 66 36 54 17 84 120 52 170 183 24 73 61 105 187 105 196 114 187 203 26 90 149 106 128 174 109 133 25 127 136 31 109 226 207 128 234 113 82 178 94 200 195 4 126 9 247 139 99 89 105 156 8 96 183 84 205 205 35 16 247 208 19 245 45 158 145 105 253 241 203 152 85 133 148 240 10 156 225 165 84 123 78 46 80 235 151 198 125 185 31 236 63 54 108 227 96 183 168 50 138 22 34 38 206 47 203 75 32 100 186 247 216 26 168 191 50 58 117 256 207 177 161 87 50 240 212 41 68 108 86 28 209 31 151 156 9 5 169 87 256 160 193 193 45 117 185 145 239 141 145 66 3 245 234 147 15 62 137 8 27 253 218 102 19 76 107 59 70 71 108 83 234 144 54 68 149 204 193 228 197 36 44 205 90 197 56 224 23 96 205 191 36 171 117 81 143 221 220 65 198 54 86 128 30 117 89 191 80 96 254 246 246 64 132 224 19 98 205 124 136 151 224 142 160
256 65536
180 101 27 133 19 44 241 200 17 166 29 221 142 106 114 156 112 178 9 194 32 219 187 110 11 233 169 164 34 256 181 205 90 236 6 53 45 154 136 140 24 157 105 102 27 170 158 187 60 28 92 103 4 113 159 171 256 202 166 170 65 111 116 237 220 73 81 224 107 103 72 82 139 121 167 249 92 88 129 236 4 124 47 39 44 132 203 10 129 178 179 218 52 108 12 63 123 189 61 197 14 209 111 91 170 124 20 214 146 180 93 111 9 19 194 65 217 86 126 204 207 224 17 117 60 56 188 3 118 134 8 36 85 26 64 230 182 230 242 62 251 255 113 132 138 31 86 245 74 38 251 48 41 148 255 186 152 17 197 122 13 230 244 61 128 129 248 51 238 245 128 112 217 119 254 108 199 226 42 132 191 52 127 118 207 15 189 233 136 57 101 227 128 28 64 81 207 71 217 130 146 235 254 172 108 94 67 102 256 156 126 44 120 193 76 223 1 144 139 66 77 239 222 126 15 105 44 159 130 170 33 20 227 7 172 51 242 243 127 178 117 139 147 47 182 11 161 170 256 87 169 6 37 115 111 139
