30
128 16384
9 13 21 94 37 33 100 31 103 88 88 72 89 108 34 3 107 25 17 64 115 32 29 50 40 72 96 80 39 88 24 84 111 31 39 63 100 109 19 83 79 23 6 24 92 118 78 87 26 104 94 34 127 78 76 74 98 13 81 103 127 13 76 85 119 61 63 49 77 13 80 95 106 114 74 7 25 101 26 20 12 100 82 52 85 112 41 91 110 14 120 63 50 70 62 93 97 39 30 115 32 65 92 4 118 41 100 87 81 120 67 120 127 77 43 54 53 70 116 35 12 11 21 24 126 68 47 46
128 16384
109 29 3 69 29 73 118 1 53 124 20 72 67 112 11 69 53 97 43 104 96 17 109 100 124 69 105 48 37 69 94 7 92 96 46 104 5 102 95 22 103 44 27 24 47 12 48 58 109 98 18 11 20 16 84 94 126 122 51 73 103 11 11 40 109 47 95 27 23 87 85 3 74 120 56 9 85 12 117 24 103 15 30 94 19 3 106 79 83 109 51 34 2 85 118 82 97 74 86 30 19 92 26 9 32 32 43 90 118 48 23 29 99 40 17 33 28 42 110 121 58 91 41 123 56 100 96 67
128 16384
118 113 84 49 57 53 109 103 40 101 52 76 81 56 88 11 34 110 42 21 112 70 32 27 115 5 85 20 72 118 7 61 110 101 24 20 73 35 14 93 35 5 20 29 38 101 119 33 99 31 41 120 78 21 64 117 63 44 120 46 114 77 45 128 8 101 99 8 4 101 62 43 79 66 10 15 53 118 52 32 102 125 78 12 118 89 15 71 92 15 81 8 119 40 18 74 4 49 115 76 41 59 60 17 110 91 86 97 63 43 79 70 107 72 90 16 40 82 76 82 12 111 32 98 21 71 116 93
128 16384
35 9 10 32 121 101 72 80 63 17 56 84 3 69 9 85 51 62 12 69 36 62 55 85 15 10 38 125 14 107 21 120 36 46 103 69 50 36 34 39 3 35 113 38 65 2 33 12 125 33 36 105 43 95 17 16 35 34 33 24 34 83 52 91 71 95 74 122 22 55 11 87 120 81 64 25 57 36 87 44 9 48 98 62 124 116 24 67 10 118 83 114 15 63 17 71 76 92 116 127 100 94 66 30 96 91 101 108 44 107 107 115 23 43 7 3 87 61 14 47 3 70 124 78 23 111 109 122
128 16384
115 101 36 20 92 90 7 62 122 1 32 95 89 21 30 35 104 83 82 121 124 123 51 19 78 83 90 105 121 36 6 54 125 59 26 122 63 105 26 118 6 4 50 51 128 100 47 123 59 102 3 94 44 109 69 47 43 92 47 5 117 29 30 59 41 29 22 111 76 77 60 6 69 35 90 39 97 23 94 60 80 38 91 116 38 83 6 68 91 33 58 97 76 26 117 71 55 75 89 53 67 69 44 47 118 30 88 123 61 110 107 36 103 83 24 122 42 109 53 16 29 98 59 61 60 91 73 28
128 16384
104 5 33 12 100 18 42 48 89 53 108 111 83 42 23 117 65 43 124 49 121 124 18 85 49 96 115 89 7 33 92 121 123 12 48 50 112 114 118 73 46 41 87 68 99 9 33 110 29 112 70 87 81 62 93 82 88 90 32 118 109 43 109 30 48 31 70 105 38 39 80 58 54 57 88 57 45 77 73 80 59 97 55 46 116 117 87 72 81 16 4 83 44 57 60 75 71 126 33 112 70 113 121 68 48 37 47 14 114 53 79 89 92 62 13 118 33 97 63 118 92 66 95 48 6 11 10 65
128 16384
1 105 3 7 16 14 48 37 92 46 28 3 113 2 116 75 62 72 10 109 25 64 85 27 57 49 111 78 58 98 22 63 28 33 43 111 68 64 54 32 122 18 96 89 106 115 119 101 35 62 109 85 27 84 90 122 40 27 118 108 8 125 32 5 90 101 89 103 35 70 73 114 75 19 57 78 29 72 24 104 74 96 119 108 103 92 12 80 106 66 51 74 49 28 104 84 123 117 78 47 108 96 43 92 14 113 106 37 75 65 23 18 116 110 103 117 61 24 45 95 62 102 102 40 115 127 46 107
128 16384
61 18 73 7 96 78 27 31 3 106 48 27 51 30 53 37 95 40 124 45 93 73 125 102 100 69 79 70 16 103 51 10 98 122 10 47 61 81 90 122 106 64 77 114 21 32 49 96 77 79 121 86 8 46 58 37 29 33 47 101 72 19 54 113 41 111 81 104 69 40 38 46 4 50 127 104 49 6 75 4 125 34 27 47 125 7 38 92 39 57 69 68 89 67 119 96 82 48 95 113 55 19 65 121 16 128 9 63 72 16 67 79 48 97 36 120 124 20 128 76 68 78 81 35 5 55 55 24
128 16384
30 126 114 10 83 82 106 29 78 106 40 55 25 127 90 3 37 77 83 113 69 22 8 52 52 30 20 67 11 48 53 88 76 23 76 116 90 38 97 89 126 49 29 14 100 18 79 95 27 37 104 91 25 75 126 84 53 107 77 98 43 108 49 96 28 61 45 110 11 78 103 109 97 20 41 6 105 8 98 36 85 41 35 117 55 117 35 109 9 116 60 66 38 46 107 113 78 47 83 56 38 10 59 26 53 83 11 94 105 36 83 16 16 25 69 127 95 84 54 61 111 121 33 34 58 51 36 74
128 16384
35 46 128 18 107 26 29 31 61 47 4 87 35 35 99 101 14 53 13 57 82 38 119 6 39 59 60 67 41 61 26 43 89 120 115 61 27 63 77 60 54 102 82 47 87 71 81 98 14 62 59 100 78 45 39 7 113 121 78 100 51 10 15 84 50 79 108 119 117 56 12 49 97 58 55 40 69 79 93 72 80 115 15 63 21 40 4 1 14 115 22 69 22 92 67 5 110 114 44 2 57 69 25 63 127 106 114 1 46 123 72 85 20 20 74 10 103 87 80 50 61 105 84 38 20 115 116 127
128 16384
75 34 114 30 39 39 52 36 79 55 68 122 81 12 80 75 27 98 43 5 2 123 75 92 62 28 73 71 108 13 100 1 11 29 126 9 128 28 29 34 18 96 107 84 110 64 55 105 36 28 114 113 40 83 51 63 82 75 52 105 94 108 82 75 109 37 16 5 2 102 21 121 6 37 41 78 69 89 60 112 111 2 96 13 24 31 74 25 55 54 84 75 43 79 126 30 49 121 105 81 111 68 90 103 109 70 61 40 23 23 32 30 60 84 51 25 18 31 79 44 47 29 108 45 17 119 41 57
128 16384
24 90 72 45 7 119 46 46 6 3 104 34 35 56 33 53 76 82 45 85 86 20 2 55 122 64 57 80 82 34 17 92 97 6 109 90 8 61 81 13 18 29 104 125 41 126 1 116 94 61 13 2 37 60 35 122 86 96 125 114 46 18 120 71 76 63 24 22 52 88 1 68 79 83 127 120 105 40 127 28 50 84 20 95 62 89 115 53 5 60 119 85 99 6 30 58 25 68 9 36 74 7 128 20 127 101 108 83 36 118 92 107 8 87 1 44 97 43 49 41 70 21 103 56 51 63 65 118
128 16384
8 86 1 65 10 11 13 60 97 19 112 78 25 40 86 35 33 7 19 42 78 112 29 21 89 41 14 92 93 123 35 58 90 51 63 46 53 35 105 124 53 30 73 42 8 127 47 3 60 35 13 23 70 106 120 57 127 58 42 128 33 124 3 70 78 29 4 44 10 14 82 20 60 69 57 38 49 58 38 76 25 107 44 53 8 88 128 85 118 7 125 100 64 1 33 91 37 83 14 122 73 15 10 69 53 72 127 2 85 25 124 60 120 31 50 67 84 122 119 42 128 80 71 72 120 75 62 56
128 16384
29 22 31 88 50 99 80 78 96 104 92 126 51 93 111 21 26 128 94 2 107 17 29 119 92 86 70 108 11 24 25 29 120 36 118 7 6 76 100 111 125 99 14 91 11 69 65 22 62 76 112 48 11 92 48 124 75 88 60 17 57 42 114 74 117 63 83 70 4 9 7 104 77 123 87 87 29 17 49 127 36 69 40 15 118 27 114 122 12 22 104 118 64 64 9 127 84 38 119 85 108 90 120 121 15 112 118 53 42 1 128 17 13 43 71 94 108 14 34 47 95 80 10 91 98 26 30 125
128 16384
86 26 33 116 126 127 119 99 3 128 44 50 113 85 108 11 55 60 12 94 43 118 128 93 4 71 99 1 94 121 114 3 57 89 17 100 123 57 68 101 105 109 55 15 50 78 55 45 100 58 55 77 117 17 76 67 59 58 49 38 116 28 68 81 63 37 7 99 33 71 32 64 2 118 89 13 45 43 32 55 83 100 8 109 9 33 71 34 69 105 54 12 101 67 84 40 40 61 67 51 50 105 74 50 13 91 81 107 35 44 104 106 69 122 64 125 39 102 48 57 97 20 49 114 111 46 99 70
128 16384
50 98 6 20 110 95 2 125 74 92 95 106 83 18 78 5 120 61 30 62 15 30 71 71 79 124 99 25 84 30 48 109 31 82 15 68 19 106 8 96 121 58 68 72 125 27 17 72 46 107 98 110 2 11 77 15 80 95 11 64 84 82 123 93 46 79 31 5 99 73 29 27 91 52 63 71 97 9 116 115 38 70 77 79 63 108 128 78 34 128 105 39 45 10 4 84 31 24 116 22 29 60 127 111 47 10 16 38 64 28 52 71 33 14 29 33 6 1 34 70 7 28 61 14 33 6 11 20
128 16384
51 110 80 55 1 4 113 27 53 125 119 38 89 18 19 3 94 1 20 34 23 11 114 54 63 116 71 53 111 7 81 92 41 15 114 41 80 95 48 95 45 75 53 5 108 45 79 103 28 97 113 20 51 73 49 94 8 73 72 93 87 76 21 108 65 61 26 42 73 15 125 123 88 54 9 5 57 44 43 51 30 109 117 53 25 123 30 126 36 90 127 69 26 21 24 5 59 55 9 125 44 83 25 48 116 125 51 101 1 79 100 40 33 101 94 72 9 97 121 87 82 104 44 45 118 34 24 101
128 16384
88 62 126 95 57 108 67 60 68 97 115 101 3 86 60 5 103 10 110 10 68 60 2 40 82 49 16 86 45 52 87 78 86 16 57 17 49 24 60 97 5 33 10 70 127 2 114 10 47 26 101 61 8 74 121 49 100 119 106 126 127 10 20 128 119 111 122 84 83 25 66 95 120 125 55 71 53 18 70 119 57 87 1 32 23 77 31 51 73 121 122 103 42 100 15 57 123 27 2 103 95 46 23 116 94 53 58 40 102 70 120 13 69 1 4 115 49 5 51 108 64 119 128 81 112 2 9 59
128 16384
32 82 15 10 21 24 122 98 118 9 83 41 81 95 73 11 20 86 45 118 20 48 117 30 9 50 60 122 16 37 64 69 40 86 99 126 54 22 44 104 1 58 67 11 54 28 120 49 101 24 60 106 2 16 38 8 101 105 111 36 74 12 118 23 82 101 62 2 128 103 107 70 61 7 73 13 85 61 69 63 120 6 113 14 58 100 4 107 19 92 88 14 95 119 107 114 94 66 94 86 53 78 121 61 108 48 37 111 111 2 112 118 13 96 13 34 124 108 81 5 82 75 55 120 13 38 93 20
128 16384
13 42 5 58 21 8 21 12 77 117 23 113 67 43 58 21 101 103 79 102 8 105 76 24 101 119 77 34 22 90 14 63 30 95 114 111 94 87 127 115 33 23 96 84 17 121 98 92 63 89 119 27 31 26 54 100 9 31 88 77 58 81 61 51 81 31 101 51 82 122 120 50 38 85 63 87 25 43 40 11 91 120 69 128 128 63 78 39 128 3 26 56 55 78 42 46 102 45 31 72 48 49 63 10 30 111 116 58 28 1 76 99 121 4 122 85 107 24 84 35 9 99 83 35 79 14 22 114
128 16384
29 70 95 110 56 60 20 58 72 38 63 61 89 60 15 35 90 59 85 90 32 101 8 23 100 128 65 79 65 83 63 62 55 44 101 99 43 92 55 2 101 56 97 33 16 26 48 11 61 95 22 80 96 103 42 67 82 24 38 122 77 91 104 82 115 29 113 105 72 80 105 34 51 103 25 36 1 93 111 91 98 47 126 118 106 93 123 103 17 109 65 102 52 104 78 111 18 92 68 63 79 88 105 90 116 115 39 8 109 69 12 84 10 107 75 12 126 8 58 68 99 63 82 83 52 58 50 83
128 16384
82 38 28 37 128 52 119 107 103 26 75 13 19 16 72 53 115 84 63 82 93 38 39 25 7 76 26 127 15 15 85 64 117 61 59 92 28 37 83 20 76 30 70 113 51 128 98 62 95 41 25 9 69 121 2 38 62 86 87 44 5 41 118 118 58 96 97 34 98 106 62 22 100 62 87 118 13 84 26 47 13 42 26 112 120 64 12 43 71 28 75 25 84 71 85 51 97 79 76 58 18 67 118 47 110 58 62 91 98 76 48 73 62 23 128 71 54 59 4 105 98 95 54 6 62 42 51 57
128 16384
43 74 62 97 108 113 61 33 42 82 59 97 113 41 101 75 48 48 13 79 61 43 42 31 79 93 86 51 2 16 79 71 86 18 118 88 49 50 83 43 88 71 15 70 122 41 120 117 37 54 1 70 79 79 63 13 78 88 109 97 96 59 105 29 37 102 52 96 31 72 118 13 57 88 121 76 61 14 41 7 92 104 26 110 43 103 2 116 32 15 58 79 25 106 65 124 85 6 57 56 120 114 104 8 12 69 57 50 123 23 56 66 22 6 26 6 17 51 50 18 4 66 125 61 107 94 23 34
128 16384
39 50 68 32 124 113 104 91 17 79 15 56 115 5 102 101 17 81 64 79 65 115 18 41 58 50 119 108 24 85 44 81 92 43 21 89 105 3 55 70 8 52 60 31 101 23 114 48 15 8 76 7 124 104 95 120 3 30 102 26 96 17 63 72 51 48 108 34 1 106 19 9 50 54 126 38 17 13 28 99 80 107 126 112 1 81 91 64 29 70 12 9 1 81 16 72 108 1 10 59 3 101 62 101 78 20 24 13 56 39 36 63 18 58 23 73 16 111 69 64 74 106 40 121 61 86 96 16
128 16384
72 94 46 100 47 53 119 24 28 15 71 20 25 37 75 3 23 53 86 83 106 128 93 55 74 75 123 40 83 94 110 96 6 8 24 93 70 24 126 101 92 102 77 124 116 72 80 111 29 29 123 76 77 70 99 104 91 40 68 88 3 43 122 120 102 62 8 103 7 80 20 9 79 89 104 4 9 79 115 67 103 49 70 118 123 128 24 16 63 65 67 72 14 124 68 24 40 64 62 65 50 29 120 69 51 40 91 108 25 122 117 64 50 49 120 16 51 110 59 113 53 86 56 56 50 17 13 1
128 16384
13 78 123 44 7 61 106 90 75 19 99 116 99 10 20 37 64 94 80 91 54 81 12 74 125 39 99 104 49 43 19 114 83 41 126 102 71 114 42 7 84 91 65 93 39 61 18 50 80 119 14 21 66 104 76 91 87 117 5 25 75 9 24 43 60 16 8 49 49 123 121 13 16 63 54 102 37 85 46 39 34 60 115 128 25 115 57 100 4 127 93 10 62 107 92 109 8 67 87 76 5 24 22 42 61 127 1 79 30 18 41 69 118 109 61 91 123 50 21 38 67 6 43 123 76 17 29 119
128 16384
117 2 45 119 3 9 65 32 29 91 99 88 81 50 65 75 13 74 46 103 38 101 32 96 84 72 48 45 52 60 29 9 69 14 73 115 108 15 58 46 112 20 26 66 126 119 56 121 38 20 5 99 92 77 24 82 120 7 43 94 54 43 27 99 55 38 107 126 126 105 66 20 116 105 104 75 101 32 77 15 1 10 3 14 92 41 63 61 110 2 92 80 19 30 87 69 11 10 84 90 123 87 23 19 107 26 12 54 71 109 65 78 94 108 102 43 102 58 84 95 118 121 3 67 9 85 18 112
128 16384
2 122 67 71 35 25 124 106 20 104 71 64 99 31 82 117 126 123 112 119 58 62 23 122 80 45 96 117 90 17 10 35 91 55 120 3 52 112 46 89 48 17 87 42 121 116 66 68 32 118 96 52 25 119 72 77 60 93 52 40 70 17 1 30 86 128 51 80 112 27 110 32 125 87 126 53 73 46 80 123 4 29 119 33 66 36 40 25 123 73 62 27 11 21 55 34 51 21 52 109 22 90 125 128 61 122 123 32 20 13 61 91 106 48 116 126 117 5 118 28 76 49 62 14 107 93 106 110
128 16384
50 54 60 26 103 109 26 55 47 56 15 44 25 79 71 35 19 112 23 11 115 91 114 24 111 86 117 65 37 42 92 66 20 36 10 24 33 21 6 7 20 83 120 23 24 54 48 19 62 27 32 9 122 101 93 77 37 119 33 117 121 59 76 94 24 30 95 38 6 17 127 48 42 10 120 35 81 1 55 107 43 115 79 55 76 99 117 121 44 84 4 105 40 80 122 2 127 100 121 4 85 33 71 112 51 29 78 15 5 112 29 108 27 56 101 85 40 21 124 94 70 45 94 93 112 41 39 111
128 16384
7 54 26 114 78 6 29 9 110 76 59 28 115 67 32 85 76 40 33 35 79 59 50 59 50 67 109 18 19 7 18 100 114 85 1 48 50 126 66 58 27 88 125 8 91 59 2 102 128 5 67 98 127 22 85 80 49 84 115 71 81 41 123 33 127 128 110 127 64 75 116 67 123 128 86 21 125 23 2 95 118 14 11 81 122 101 39 93 2 35 47 60 104 79 34 103 110 119 34 30 56 44 117 101 77 4 5 2 26 23 97 1 111 3 58 48 128 105 103 35 101 109 97 49 26 57 71 117
