70
64 4096
32 15 18 45 9 13 38 9 59 24 52 16 52 44 62 15 22 8 39 23 39 48 56 62 17 42 29 28 35 1 38 15 14 5 7 55 40 9 24 58 45 36 21 1 57 49 30 57 15 15 57 20 21 33 11 5 21 14 35 7 62 2 48 23
64 4096
34 44 5 54 53 62 28 40 20 48 16 55 59 62 33 48 14 37 52 36 17 42 17 41 48 19 35 23 56 43 59 12 28 2 14 40 49 43 50 18 50 61 37 49 60 19 6 51 19 12 26 9 28 11 8 41 33 56 30 11 16 61 10 45
64 4096
60 9 33 15 27 17 27 56 6 10 21 47 60 48 14 2 31 3 42 2 53 5 50 5 40 61 18 35 7 54 26 58 3 64 62 43 51 46 22 26 16 23 30 49 57 22 55 29 48 10 36 16 28 22 14 62 5 34 1 32 27 24 45 52
64 4096
48 40 37 58 57 4 35 56 16 37 2 56 53 4 3 5 9 34 9 50 17 64 29 18 57 40 42 1 14 34 2 25 3 64 23 62 45 19 3 19 7 50 1 3 47 58 49 57 39 9 24 39 21 3 29 3 3 13 14 6 31 21 25 43
64 4096
60 7 19 54 16 25 52 42 52 64 25 18 39 57 1 57 11 1 17 50 39 29 16 17 35 20 43 47 15 47 50 42 28 64 25 34 33 24 56 62 23 15 12 37 30 64 52 5 54 10 52 16 7 16 53 58 25 58 3 60 28 50 14 20
64 4096
34 40 42 3 32 15 15 13 49 29 25 61 19 15 8 30 39 34 2 3 53 27 13 64 38 64 21 46 8 29 44 43 14 1 4 24 13 62 55 25 1 44 64 24 6 38 64 3 31 11 57 10 50 62 22 34 9 39 34 4 18 49 12 46
64 4096
33 10 41 33 41 37 50 33 7 59 2 57 55 5 25 52 28 4 28 37 60 58 18 32 2 46 40 62 59 44 46 29 25 3 24 30 51 5 63 37 3 10 29 29 38 45 20 49 32 13 40 20 21 14 64 58 17 22 41 29 1 16 19 57
64 4096
56 44 18 16 43 29 30 38 53 25 19 6 20 29 50 59 42 39 30 24 61 58 32 49 55 29 36 31 38 28 58 1 61 6 22 53 18 45 15 35 30 41 36 50 64 21 50 17 58 17 63 48 50 62 51 4 51 5 26 6 42 17 35 53
64 4096
41 16 36 15 39 53 19 28 61 57 14 36 42 22 20 51 17 11 10 28 54 27 56 51 5 13 9 18 11 45 14 21 58 10 60 30 41 54 41 17 18 9 19 25 19 31 25 34 46 21 64 28 8 16 47 63 45 54 51 1 11 50 60 33
64 4096
50 52 30 32 27 47 17 3 30 26 50 18 58 48 64 28 17 47 31 49 41 29 24 38 44 62 23 21 40 31 44 26 16 15 11 23 58 32 12 49 32 43 43 16 31 9 9 35 58 26 41 26 23 2 52 42 1 39 54 13 37 53 30 63
64 4096
21 26 2 2 8 10 25 27 23 59 63 18 2 42 52 54 41 21 29 23 20 63 2 10 44 48 14 41 63 50 19 16 64 21 3 33 4 43 56 1 6 13 44 25 36 20 2 22 31 33 59 41 31 21 2 7 45 25 33 42 56 24 9 14
64 4096
17 64 14 53 46 5 41 36 42 30 52 35 3 6 49 1 27 60 4 14 56 3 52 32 5 35 46 14 14 38 2 56 8 28 36 61 6 23 44 2 5 48 23 50 33 64 3 57 30 40 55 8 32 10 25 20 51 13 54 23 4 29 61 14
64 4096
37 40 4 57 13 34 2 30 22 2 19 5 62 3 56 61 38 36 20 22 22 40 48 38 55 23 55 4 23 59 59 16 41 36 46 41 2 37 42 53 29 20 42 29 24 14 14 14 53 48 27 57 26 31 57 19 17 1 51 22 9 2 58 62
64 4096
19 16 35 13 37 31 36 8 27 39 27 56 49 33 7 42 10 13 13 47 44 46 52 29 2 12 41 12 25 49 60 25 35 45 33 38 55 19 49 24 14 57 38 24 8 60 34 19 37 57 41 58 13 21 34 3 9 55 26 38 7 8 64 32
64 4096
25 58 42 51 54 62 15 36 56 12 12 60 29 31 31 8 7 54 47 25 60 21 1 5 38 2 4 36 19 8 7 19 54 55 61 53 36 34 64 45 25 31 11 37 49 11 63 10 47 4 31 13 57 45 20 35 25 45 41 6 62 48 15 51
64 4096
57 36 27 42 1 62 3 49 47 51 37 17 2 63 1 23 29 33 57 21 4 29 24 30 35 57 8 13 7 64 26 63 34 2 3 20 11 18 25 50 60 7 26 2 18 59 37 49 17 15 62 48 30 37 15 53 3 37 34 56 46 56 40 55
64 4096
49 16 53 50 4 30 1 47 63 27 40 55 33 64 43 23 12 13 45 33 5 6 55 40 57 49 53 7 51 25 55 27 39 14 49 4 43 35 59 40 56 47 17 49 45 12 19 10 12 27 7 37 60 62 18 56 5 29 3 59 23 34 9 43
64 4096
3 61 55 11 64 32 7 30 40 3 20 46 56 33 30 8 19 58 10 62 64 16 32 35 40 42 11 19 25 19 28 40 5 27 8 6 3 21 37 16 13 24 49 48 1 63 11 19 33 41 56 43 18 57 31 43 32 22 14 14 57 44 51 17
64 4096
46 42 35 53 53 3 22 62 41 45 41 54 8 36 27 42 52 40 16 44 51 58 17 16 48 35 10 47 55 46 11 38 60 41 8 24 21 40 25 40 59 2 58 64 14 18 12 14 14 55 18 1 34 20 53 16 21 17 1 51 20 24 38 40
64 4096
49 25 55 47 35 6 46 15 4 24 38 15 18 8 32 61 46 22 63 43 32 6 12 45 17 30 50 28 15 42 3 22 12 56 49 59 32 28 22 50 3 45 45 34 20 6 22 57 20 6 22 41 43 17 20 38 34 12 30 41 40 36 34 48
64 4096
14 8 53 59 10 43 15 17 56 3 13 57 20 13 46 1 1 6 23 59 5 51 15 59 11 26 3 26 31 7 3 54 54 8 3 48 35 49 27 44 35 25 8 20 18 27 41 22 52 23 2 33 45 46 60 44 9 9 35 48 53 18 39 41
64 4096
3 57 28 24 43 48 58 4 4 48 29 52 15 50 6 54 45 55 24 28 36 1 28 58 30 23 61 41 41 5 13 7 56 25 62 53 32 40 42 23 28 7 12 24 10 18 5 35 44 40 24 43 40 44 45 36 8 6 18 7 59 32 53 18
64 4096
18 42 43 6 4 23 45 39 42 30 22 64 3 57 38 28 50 41 2 14 59 48 49 42 9 21 32 10 43 36 31 10 19 43 34 11 22 63 2 52 46 53 57 44 59 41 41 34 61 58 22 5 28 12 39 13 33 4 41 48 58 16 12 45
64 4096
58 29 36 5 22 31 41 60 41 12 55 29 49 33 15 51 15 28 20 17 11 64 15 11 14 20 44 59 39 36 59 61 7 63 48 51 4 55 34 1 26 36 16 18 37 33 23 17 40 13 61 49 9 12 42 38 18 4 42 42 50 32 44 57
64 4096
58 16 6 21 33 7 46 2 1 60 2 11 23 42 1 59 6 15 16 37 21 49 55 29 44 20 33 61 27 5 31 33 20 19 38 43 44 16 12 64 30 20 15 8 7 58 14 50 43 34 14 46 47 45 54 49 29 4 19 52 35 18 21 54
64 4096
20 5 16 53 37 17 60 57 49 45 54 10 54 19 61 52 22 4 53 10 23 2 39 33 35 21 63 16 9 7 13 54 58 40 5 52 13 10 63 47 59 5 55 16 35 53 14 3 7 55 7 59 14 48 11 44 64 6 38 16 13 36 7 35
64 4096
6 59 4 39 34 59 20 33 59 30 19 26 15 30 1 30 63 58 3 64 19 53 33 21 51 23 6 52 47 42 4 61 57 62 13 15 38 37 59 15 49 55 8 40 56 16 23 6 61 13 41 26 38 19 41 25 61 8 33 61 48 24 2 2
64 4096
18 49 32 42 25 7 52 58 30 17 24 59 32 10 14 57 1 49 58 7 7 9 35 58 28 26 54 42 15 46 3 52 17 21 62 58 57 33 63 33 64 43 3 18 6 12 40 57 11 37 53 9 55 23 16 55 18 12 6 59 12 44 6 18
64 4096
55 41 38 62 8 52 29 4 25 5 7 45 42 23 37 5 28 41 26 32 52 62 47 16 30 30 15 48 40 19 12 28 2 45 24 54 5 62 13 35 41 31 38 12 13 41 3 30 50 61 41 10 64 61 64 5 1 16 19 9 33 34 19 19
64 4096
52 33 21 35 48 1 15 63 46 57 31 48 45 4 4 3 16 33 35 9 27 20 3 23 57 35 17 7 57 25 29 53 12 6 27 4 9 60 36 23 42 20 50 23 12 40 39 51 51 22 7 28 3 3 57 5 8 21 10 41 47 56 41 4
64 4096
11 27 44 25 17 48 10 43 28 47 32 4 42 19 44 49 28 27 21 3 58 11 33 15 45 41 60 47 4 64 56 64 47 32 7 34 7 28 3 59 4 10 39 52 5 7 20 58 12 49 13 62 63 43 59 54 41 28 41 26 54 48 8 39
64 4096
58 21 45 31 43 64 15 7 35 38 9 40 31 3 30 16 2 22 47 14 19 35 7 56 58 47 16 40 7 8 27 59 44 59 29 17 62 28 44 16 55 1 6 33 55 7 10 49 63 12 60 50 52 51 6 23 34 35 50 27 54 8 49 59
64 4096
3 17 23 55 62 48 28 21 2 29 28 30 13 20 24 32 1 18 51 42 36 27 54 19 32 55 13 51 4 49 8 39 1 23 27 18 45 61 30 23 4 58 13 32 34 40 9 26 10 40 21 54 34 28 25 42 53 44 35 46 47 2 34 64
64 4096
37 13 41 32 10 2 50 20 59 22 24 37 53 5 27 33 25 15 32 23 46 53 47 30 31 64 51 14 57 59 62 4 47 52 2 35 22 63 24 14 41 51 61 47 6 42 16 51 46 5 22 12 9 39 54 46 32 53 62 18 33 28 28 53
64 4096
31 11 37 26 16 52 17 4 13 16 61 61 21 24 40 19 10 12 54 21 50 48 48 26 55 10 2 58 40 38 60 19 54 18 18 5 56 34 28 54 39 45 22 16 34 14 33 62 44 36 64 50 41 18 28 34 36 64 1 6 12 24 31 28
64 4096
51 9 9 37 14 8 57 37 56 10 10 38 46 12 61 54 20 11 53 36 46 12 59 7 40 21 58 55 15 50 4 18 22 49 11 57 18 38 41 16 62 40 25 1 56 18 59 57 2 3 20 42 2 30 11 8 2 11 46 12 48 52 43 52
64 4096
31 9 23 1 5 61 42 55 59 6 1 32 64 32 27 10 54 11 29 4 36 9 14 37 50 33 27 5 48 31 20 2 15 17 45 61 38 11 62 26 46 36 4 4 7 55 30 38 49 35 16 51 20 12 3 31 56 23 3 35 13 50 64 61
64 4096
37 10 14 45 53 18 37 58 24 3 33 43 12 22 3 15 50 12 46 53 18 39 43 52 21 46 37 37 9 45 46 36 33 50 56 18 51 17 29 22 56 33 24 23 15 61 10 4 58 5 54 12 31 26 4 38 8 37 2 11 36 16 30 55
64 4096
4 11 45 43 30 9 40 46 14 64 42 7 16 45 51 5 7 14 40 55 57 38 16 52 17 60 24 21 28 28 16 54 12 20 44 57 56 56 5 2 26 32 21 60 15 37 62 18 27 39 4 55 35 9 14 31 48 51 41 3 51 16 5 33
64 4096
59 14 54 58 64 32 52 19 28 63 27 52 13 37 44 44 53 16 11 10 26 5 62 38 38 11 52 22 39 44 60 57 16 55 10 48 55 1 53 31 21 31 60 49 9 45 60 18 21 10 59 50 31 26 33 8 50 3 58 13 59 48 53 61
64 4096
12 17 40 26 28 25 9 41 4 63 54 50 3 61 46 4 60 20 22 47 51 6 54 8 20 27 57 40 44 29 48 45 45 27 16 56 47 42 47 46 41 31 11 55 60 22 3 2 41 47 28 63 21 11 61 35 12 19 51 40 60 50 46 10
64 4096
53 22 2 11 48 51 39 47 5 63 58 1 51 55 58 13 28 25 11 36 6 40 54 27 27 44 39 11 41 47 46 19 36 64 63 18 31 52 50 45 23 32 3 15 40 32 19 36 21 20 37 29 4 29 34 47 64 37 22 19 54 20 48 8
64 4096
56 27 6 13 61 45 15 39 31 1 39 33 27 18 14 7 21 31 41 42 17 43 64 31 59 62 62 64 32 34 53 41 51 38 23 60 9 31 62 30 29 34 36 55 13 12 44 54 26 58 23 11 44 17 16 43 12 55 33 16 41 24 59 54
64 4096
20 34 50 31 3 9 63 16 17 4 60 18 60 14 43 50 38 38 48 1 22 15 18 20 52 17 62 5 16 54 4 48 27 13 24 55 44 43 18 63 60 37 47 49 42 24 13 58 57 33 51 11 13 37 7 25 50 10 22 30 21 60 15 22
64 4096
8 41 8 3 2 5 56 42 29 7 59 20 23 42 18 14 17 45 32 41 19 20 46 58 6 36 39 27 56 43 29 40 28 54 2 4 7 24 48 17 52 42 34 59 1 5 56 46 48 10 55 27 39 27 7 56 48 31 51 61 58 2 44 39
64 4096
22 50 7 56 58 35 58 53 2 12 35 39 42 40 1 27 21 54 57 34 9 58 18 17 49 57 57 2 26 1 62 18 54 31 21 33 28 38 23 21 5 47 62 23 17 19 44 20 64 51 37 61 58 49 16 7 8 52 58 44 24 40 18 41
64 4096
60 59 46 62 44 34 5 49 63 18 52 11 54 7 57 25 50 64 59 44 57 64 64 26 53 15 52 58 52 56 41 44 41 9 18 15 41 21 6 9 48 53 3 3 26 3 41 42 42 29 59 47 6 40 34 8 56 11 41 45 47 48 2 27
64 4096
60 6 63 21 22 1 26 30 22 24 45 64 59 7 59 8 40 11 38 7 33 40 54 19 18 38 24 4 8 16 28 55 53 52 55 15 48 37 63 47 51 60 50 1 27 19 47 50 44 9 58 51 11 1 61 58 2 34 2 63 63 24 58 63
64 4096
21 18 57 61 57 2 55 60 6 32 16 6 58 39 5 40 55 23 57 51 3 49 53 61 8 62 37 30 20 9 25 52 26 32 5 31 48 23 1 5 15 4 9 15 22 4 62 42 7 53 35 8 9 58 33 28 36 59 3 33 8 34 59 20
64 4096
6 30 27 53 21 36 29 11 15 41 28 29 49 41 24 57 30 35 54 48 29 27 62 24 23 23 27 9 26 35 31 33 24 13 60 64 40 41 11 12 4 13 9 47 10 22 21 20 60 34 52 45 64 20 13 48 32 20 46 21 10 12 5 26
64 4096
17 44 39 63 42 38 12 10 48 50 17 5 33 12 53 59 31 49 28 62 48 38 15 36 63 49 58 5 24 30 45 63 47 59 28 50 26 28 31 5 19 24 50 31 55 10 54 46 9 16 46 36 47 16 3 53 52 46 1 26 5 23 24 17
64 4096
52 58 27 26 56 10 4 59 43 61 46 62 11 16 26 46 57 64 43 29 61 18 42 33 64 12 2 18 16 58 5 14 32 42 37 54 5 48 60 46 58 35 5 32 29 30 32 58 47 64 18 43 24 44 2 42 33 10 62 47 57 4 52 56
64 4096
49 10 57 6 63 14 5 29 63 9 53 8 45 52 8 18 44 16 35 13 2 31 13 15 26 40 51 49 64 55 37 15 41 26 23 10 40 37 33 9 58 47 64 51 59 19 19 54 47 48 30 4 58 41 10 17 40 38 35 22 38 17 25 17
64 4096
7 26 64 3 64 52 16 48 43 21 37 34 8 58 64 39 56 33 4 15 1 13 58 47 13 5 13 32 42 21 15 64 11 11 50 47 5 59 16 20 19 60 36 22 19 41 15 36 7 33 20 45 21 8 27 40 7 4 50 14 12 64 7 27
64 4096
53 44 47 17 57 59 35 52 49 35 62 14 28 33 64 45 29 50 14 33 56 27 47 63 25 35 16 32 12 20 1 34 6 61 55 38 27 50 8 16 5 10 49 11 36 32 19 2 56 20 50 40 41 7 53 49 64 34 41 23 43 15 62 22
64 4096
61 62 8 47 43 34 63 41 16 50 63 11 42 40 9 36 27 5 1 4 40 11 46 64 62 2 60 49 40 52 61 53 26 48 36 45 41 10 9 62 17 26 40 16 46 57 33 18 3 7 57 52 54 40 24 43 17 1 10 48 3 64 62 1
64 4096
29 18 10 31 22 43 36 15 8 1 42 25 48 17 28 12 49 25 28 56 18 28 53 50 59 34 17 20 60 53 2 58 7 36 58 5 49 3 18 28 53 42 7 39 49 50 56 18 38 59 42 16 60 41 4 21 60 34 19 27 20 17 7 30
64 4096
23 39 52 32 58 20 18 38 24 18 62 56 47 27 55 37 33 46 33 61 52 14 5 21 18 2 15 7 10 23 15 47 13 25 57 47 50 30 37 44 50 59 15 14 44 12 24 4 35 49 3 62 59 11 57 49 63 3 6 23 30 4 25 44
64 4096
41 60 8 50 23 31 10 46 2 36 59 40 40 6 27 47 42 4 15 19 16 33 31 41 2 36 54 11 17 25 38 21 44 15 33 41 43 25 1 44 8 13 64 7 33 7 1 38 56 39 5 60 51 15 55 62 28 38 33 35 33 23 52 43
64 4096
21 19 4 21 46 11 10 38 5 55 32 41 25 17 8 42 12 26 38 58 36 21 1 46 11 7 6 32 16 61 5 44 36 6 50 52 30 53 37 29 56 32 27 16 15 36 51 58 38 30 49 12 36 51 62 59 17 9 38 1 29 12 24 26
64 4096
26 42 42 9 61 23 19 16 33 10 47 59 3 62 63 22 7 50 38 50 49 42 45 36 45 43 63 6 9 2 46 53 53 62 44 17 10 50 19 64 64 52 30 43 54 33 45 62 46 22 5 45 14 56 14 42 32 46 19 48 18 33 5 59
64 4096
55 3 57 13 5 5 37 43 21 31 39 30 38 12 62 51 27 11 15 59 56 31 33 12 40 16 33 62 58 40 31 46 31 55 15 62 46 16 10 19 33 10 10 22 21 63 49 52 14 16 3 30 48 31 39 10 7 19 42 48 64 24 59 13
64 4096
46 28 48 35 6 19 64 55 35 53 8 18 3 59 6 1 7 37 33 21 55 54 31 36 60 54 44 6 37 47 26 24 35 49 28 60 12 15 9 23 27 32 31 18 46 62 62 26 7 10 41 33 12 38 9 26 8 57 41 64 39 47 59 16
64 4096
61 55 17 10 64 3 37 52 10 11 17 23 24 10 24 64 13 64 28 64 48 46 37 45 41 29 32 31 8 23 29 52 63 44 17 12 35 47 18 13 46 55 30 32 64 31 20 50 26 5 56 52 33 14 52 28 33 33 18 34 7 40 3 4
64 4096
38 18 27 2 51 20 18 34 9 35 4 45 38 59 50 48 44 27 63 60 33 7 52 39 47 5 61 9 37 32 42 64 52 41 47 44 50 48 36 51 27 15 5 62 11 32 51 59 5 2 49 25 47 24 40 15 20 9 35 21 32 1 20 40
64 4096
40 47 13 11 32 5 8 1 34 60 32 20 46 13 21 17 36 56 12 10 11 1 13 18 14 46 3 4 58 10 64 61 2 38 54 29 59 18 62 11 32 40 21 46 15 2 26 52 9 63 18 14 54 2 36 50 31 51 30 24 50 60 46 62
64 4096
2 12 41 36 5 24 7 17 20 21 37 12 46 64 2 35 53 22 2 40 47 28 46 46 6 24 50 17 9 21 30 43 41 36 38 32 61 22 34 19 62 2 14 46 11 5 11 31 39 61 28 21 54 14 42 7 4 29 1 45 61 23 17 5
64 4096
54 43 45 15 35 12 15 18 31 48 18 21 39 19 55 38 31 53 33 23 11 24 25 59 23 3 10 46 16 1 6 11 41 35 63 51 55 58 15 12 53 30 49 64 1 42 5 58 29 61 16 45 47 58 57 12 1 9 14 19 1 20 61 61
64 4096
2 11 27 11 58 32 33 4 2 12 41 47 25 8 53 26 34 21 41 23 33 52 12 58 1 47 11 28 17 14 54 27 2 35 1 23 43 63 4 55 6 58 60 34 48 47 8 7 44 61 44 21 33 7 17 3 23 53 3 9 63 49 50 37
64 4096
40 43 50 24 10 22 59 38 63 40 41 26 5 30 61 63 61 53 26 40 47 50 9 41 4 28 53 27 10 60 48 28 52 36 44 13 24 37 3 18 47 23 48 22 24 21 20 4 21 62 50 15 12 54 50 43 7 34 34 17 53 48 48 63
