150
32 1024
8 27 1 16 1 18 10 9 17 5 20 13 10 23 27 25 19 31 18 30 6 9 27 3 18 21 16 1 25 23 30 6
32 1024
19 21 5 19 10 12 25 30 28 12 4 17 29 23 2 9 18 6 3 23 22 4 12 3 25 17 22 4 28 32 14 9
32 1024
22 25 19 19 18 24 28 24 15 12 15 2 30 25 11 14 8 22 31 14 6 16 16 7 7 5 23 20 13 10 1 1
32 1024
16 6 13 16 25 20 18 24 8 5 22 1 15 28 24 9 21 16 7 2 21 13 8 17 28 19 20 17 14 22 23 14
32 1024
1 28 19 11 32 2 27 28 9 24 24 12 16 32 7 25 26 19 25 19 3 28 18 32 24 26 11 27 30 2 17 17
32 1024
9 27 3 2 5 1 23 6 17 3 21 5 31 5 27 30 22 31 23 1 16 27 16 21 28 27 30 19 29 16 13 8
32 1024
9 4 31 23 10 18 7 21 1 8 14 11 30 12 17 24 9 20 1 13 29 12 2 15 7 20 12 24 11 32 13 21
32 1024
32 22 6 9 15 19 9 9 23 7 2 31 12 20 11 8 20 19 21 21 9 15 6 14 25 7 22 10 9 16 17 24
32 1024
14 17 24 25 18 6 31 3 21 30 17 32 9 29 7 13 21 26 21 27 20 2 30 18 19 19 26 9 22 2 23 15
32 1024
19 22 21 5 21 10 9 2 26 15 27 14 22 7 8 7 14 12 32 31 30 7 9 27 20 25 26 22 18 21 1 28
32 1024
16 4 30 15 23 32 5 6 7 25 32 9 18 19 11 22 31 6 22 31 8 29 7 10 28 23 21 16 29 9 14 30
32 1024
3 27 18 23 24 6 21 15 26 28 1 17 29 32 18 27 6 9 24 29 16 4 24 30 11 15 12 23 24 31 30 21
32 1024
14 27 17 27 25 30 24 30 21 25 29 7 23 14 28 21 5 22 5 24 25 29 29 23 2 32 29 11 2 22 18 2
32 1024
17 4 27 29 24 7 15 18 23 15 20 10 1 30 9 4 27 12 29 16 32 6 21 21 31 11 10 13 27 14 8 3
32 1024
10 23 17 28 23 2 24 11 1 30 7 26 25 14 25 8 8 12 32 6 7 1 32 25 4 15 18 27 4 7 2 26
32 1024
27 19 18 24 22 13 21 9 18 6 20 24 2 32 13 2 12 20 15 25 12 13 31 2 17 11 21 24 27 2 32 7
32 1024
3 24 30 17 19 10 5 13 9 7 29 3 25 20 4 17 8 6 8 9 18 11 16 16 4 2 20 1 2 30 32 8
32 1024
3 7 21 8 16 24 8 21 9 2 2 27 31 8 30 21 27 1 13 22 22 26 21 4 31 17 14 23 24 27 4 31
32 1024
25 30 24 28 12 24 31 3 15 22 1 32 21 30 27 14 5 6 30 1 26 26 13 28 1 26 3 27 30 25 11 11
32 1024
7 31 6 13 7 8 9 23 29 3 28 18 26 21 28 29 7 19 25 8 28 11 25 26 10 28 19 12 19 24 21 12
32 1024
12 9 31 27 2 10 6 15 18 10 18 18 15 13 32 1 31 10 32 13 31 13 24 30 27 23 31 11 22 25 3 3
32 1024
8 29 4 7 27 29 22 13 14 10 3 31 18 6 7 26 15 10 18 16 32 1 9 6 18 11 6 22 10 27 19 14
32 1024
28 26 19 16 20 2 26 16 17 3 15 25 5 1 17 8 23 19 15 15 32 6 15 20 17 25 8 15 12 31 7 16
32 1024
7 32 14 22 13 23 16 25 28 21 23 1 7 29 31 12 21 6 24 12 32 28 7 7 24 32 5 21 30 3 31 6
32 1024
9 15 20 25 4 30 27 6 14 1 26 21 24 26 16 5 11 2 12 6 31 4 19 31 5 32 30 9 31 9 25 17
32 1024
2 7 6 26 27 22 24 25 7 5 24 23 25 24 4 19 24 7 11 29 30 29 18 28 26 25 18 9 15 16 23 18
32 1024
19 9 2 24 17 32 8 17 7 3 18 7 9 24 27 22 28 21 21 18 27 7 4 31 22 12 1 23 14 24 24 8
32 1024
27 20 10 19 6 26 12 14 15 27 7 3 8 25 22 15 23 13 10 4 24 2 9 7 25 24 11 18 29 2 28 19
32 1024
26 8 29 12 26 6 3 17 30 11 22 13 22 27 20 29 10 14 11 19 20 14 2 20 4 29 17 27 27 13 4 20
32 1024
16 6 28 1 14 3 14 25 20 21 2 4 20 31 21 32 20 24 23 31 16 12 14 7 22 27 18 16 8 25 14 10
32 1024
30 12 6 20 1 18 11 6 17 24 8 8 32 3 25 24 21 11 15 9 10 27 13 30 15 19 14 19 4 6 29 21
32 1024
3 28 26 4 19 17 28 24 22 20 10 26 28 9 1 6 14 8 17 15 4 27 32 27 15 4 5 3 16 21 14 21
32 1024
31 22 27 18 5 2 32 16 2 10 7 24 8 16 12 9 29 14 31 20 29 13 5 30 22 14 24 1 11 5 2 10
32 1024
18 24 6 29 22 4 23 13 21 25 31 4 2 25 26 1 4 29 24 21 22 16 30 5 5 17 5 11 21 22 26 21
32 1024
29 4 29 4 6 24 2 15 15 1 19 29 12 3 11 14 3 21 28 19 13 4 10 18 27 14 15 3 15 8 21 21
32 1024
30 25 31 10 21 28 32 22 17 2 1 4 5 14 32 17 24 23 12 15 4 9 10 4 24 4 19 8 23 27 19 10
32 1024
23 23 12 12 3 18 17 3 26 28 11 24 13 26 24 9 5 1 7 8 26 31 29 27 29 19 18 27 15 16 21 21
32 1024
8 30 4 12 17 25 21 20 10 16 16 25 5 7 19 22 9 22 13 30 16 7 3 23 9 28 13 26 22 6 26 21
32 1024
15 15 8 9 30 18 13 11 1 29 17 7 12 22 17 25 4 19 30 18 4 32 28 25 28 29 3 7 13 30 2 10
32 1024
14 9 23 3 10 27 24 8 32 4 13 2 2 6 19 16 22 26 26 3 24 10 8 32 22 24 21 1 19 22 13 20
32 1024
4 12 17 26 22 22 22 9 6 3 4 11 7 23 24 29 32 9 2 17 11 6 8 12 24 12 1 8 7 16 27 19
32 1024
18 25 22 15 1 2 7 16 19 28 22 1 28 9 32 31 1 2 21 28 30 19 27 30 32 26 9 29 12 11 13 8
32 1024
22 14 7 1 11 32 12 28 7 14 3 4 31 29 11 23 25 5 19 5 15 17 1 20 16 32 12 31 31 7 2 18
32 1024
18 13 3 16 20 14 3 14 3 25 12 21 19 18 26 3 9 16 29 10 32 32 26 16 8 32 11 14 2 5 26 18
32 1024
5 22 10 28 28 14 14 4 6 30 16 19 21 8 12 5 15 5 18 14 16 32 7 17 6 25 4 10 20 4 22 6
32 1024
15 7 28 6 4 31 13 32 16 27 15 30 6 32 1 28 13 3 18 14 32 18 7 24 12 12 25 20 21 4 21 16
32 1024
17 2 26 13 11 2 30 1 2 18 10 22 7 24 25 9 3 11 29 11 14 21 26 4 25 23 9 11 5 5 23 15
32 1024
10 6 3 17 17 21 3 7 26 3 31 27 23 18 21 10 15 27 20 6 28 9 1 21 13 28 21 15 5 8 28 3
32 1024
26 19 23 19 23 26 27 19 26 12 16 14 23 13 20 1 19 21 21 30 9 15 26 11 9 26 27 32 20 11 4 13
32 1024
1 9 23 17 27 16 6 4 1 15 29 14 5 10 22 13 14 24 2 20 22 6 7 6 12 18 29 31 18 17 16 11
32 1024
32 9 1 13 31 23 5 26 16 11 4 27 3 8 27 15 32 5 27 6 1 14 8 7 22 3 26 11 31 23 31 31
32 1024
22 18 23 6 3 16 23 21 5 32 7 22 16 6 4 5 9 26 30 22 12 7 27 13 7 12 18 4 28 30 17 9
32 1024
3 4 24 29 5 26 28 22 2 15 5 29 12 7 16 17 10 25 13 3 22 17 2 24 31 16 6 10 8 7 7 7
32 1024
7 32 5 16 7 21 20 28 6 23 30 18 24 8 31 18 2 1 7 13 32 13 28 8 31 12 21 30 3 17 32 27
32 1024
3 5 28 1 8 1 32 7 18 24 19 21 19 11 17 9 17 18 12 21 8 26 9 30 6 2 31 31 14 29 28 4
32 1024
22 19 31 15 8 31 31 23 4 18 2 4 29 15 7 20 24 13 29 26 16 24 9 25 20 17 4 13 7 9 27 2
32 1024
32 10 13 27 8 14 17 13 30 5 13 1 22 20 32 21 21 17 25 28 23 8 29 25 10 25 5 8 16 23 29 22
32 1024
1 10 7 4 6 14 22 7 31 18 19 11 30 26 28 11 10 30 32 27 29 9 4 31 7 26 1 17 8 6 3 30
32 1024
26 20 12 9 4 31 15 7 8 24 21 2 22 2 27 23 23 20 18 23 3 27 30 9 11 21 24 7 16 22 12 28
32 1024
9 7 27 13 2 2 26 13 23 24 18 7 29 11 30 23 26 20 16 17 8 30 12 25 22 9 10 10 7 8 24 16
32 1024
16 3 23 13 30 22 25 23 14 16 10 24 20 21 4 13 21 29 24 8 12 18 12 15 8 22 24 26 13 27 8 24
32 1024
15 9 29 11 26 27 12 7 12 2 29 23 25 1 13 24 7 15 12 29 15 24 32 9 2 28 1 24 2 15 27 22
32 1024
4 23 15 6 21 17 17 28 18 13 11 3 14 13 25 25 16 10 12 14 18 15 7 9 3 28 5 3 6 4 17 9
32 1024
17 15 12 30 15 25 10 23 31 17 21 29 18 27 9 14 16 15 22 29 20 23 2 14 12 21 4 27 26 27 10 17
32 1024
21 16 20 19 9 18 22 22 18 15 26 4 5 10 28 25 8 29 12 9 21 17 15 24 27 7 31 32 29 18 6 15
32 1024
17 27 7 6 1 28 22 27 14 5 26 24 8 27 18 26 23 20 13 18 21 28 16 7 18 18 21 19 15 11 6 2
32 1024
3 15 6 22 25 23 8 5 16 22 22 25 26 12 11 15 29 20 25 25 21 24 5 28 16 23 6 18 16 6 9 10
32 1024
13 12 16 3 17 4 14 20 26 31 12 7 27 31 8 26 27 30 17 29 20 5 12 22 21 21 18 32 1 1 15 7
32 1024
14 18 5 13 7 2 7 9 10 1 30 3 11 20 8 25 15 16 20 30 18 3 7 21 2 12 26 26 1 30 25 25
32 1024
6 1 5 21 29 17 19 3 3 29 12 12 11 9 11 15 27 12 2 28 15 19 21 26 21 28 28 2 16 28 6 1
32 1024
22 26 17 26 18 17 19 2 2 18 20 2 25 32 17 25 31 18 27 23 12 20 22 3 16 6 27 22 15 28 22 30
32 1024
29 28 8 28 6 3 6 6 9 32 24 6 23 24 27 25 25 32 32 16 8 6 10 18 19 9 20 24 28 28 9 16
32 1024
27 7 10 28 25 6 12 16 23 8 23 23 5 17 8 13 11 24 15 6 3 10 18 7 28 5 9 8 25 30 31 24
32 1024
16 28 23 24 12 26 5 31 12 9 17 20 1 11 24 24 20 25 10 26 29 31 13 32 13 27 24 4 5 1 25 21
32 1024
29 25 16 18 30 31 18 19 8 3 7 32 13 7 11 23 20 4 17 10 23 5 27 31 5 9 3 14 1 5 22 7
32 1024
1 32 20 9 15 22 17 12 12 22 23 24 8 4 2 12 11 23 2 24 16 28 29 3 4 17 10 5 11 11 22 14
32 1024
28 17 3 30 32 30 5 11 23 3 3 30 18 2 28 22 26 20 31 3 8 4 17 12 11 18 11 10 5 18 26 10
32 1024
14 10 30 15 16 23 11 14 9 8 10 17 12 2 25 21 32 26 7 11 31 30 25 26 25 13 8 27 15 26 1 28
32 1024
24 13 3 30 31 1 4 23 2 7 13 17 21 2 25 9 29 10 26 17 22 9 20 14 14 32 32 26 7 3 11 3
32 1024
24 25 20 11 13 29 17 6 3 32 11 31 13 4 29 19 18 2 25 20 12 5 3 7 10 13 20 6 15 14 24 31
32 1024
17 14 16 20 26 10 17 25 11 17 4 25 20 7 4 18 29 4 3 20 1 19 5 5 13 19 2 32 6 25 8 17
32 1024
32 12 24 27 7 8 5 18 26 28 24 1 11 12 14 6 32 15 24 17 21 18 26 9 24 19 12 6 12 6 28 24
32 1024
6 20 10 31 19 23 11 16 16 32 7 23 17 17 27 15 27 3 24 11 9 2 2 17 10 11 17 26 1 21 19 20
32 1024
4 5 8 32 30 24 5 20 14 29 18 25 6 24 12 14 12 1 3 3 28 3 29 31 3 29 18 27 6 4 14 5
32 1024
25 31 17 30 9 10 18 28 19 20 24 9 10 1 32 2 21 8 26 24 14 21 12 18 4 9 13 10 26 21 11 12
32 1024
6 3 6 26 19 13 18 10 31 4 25 6 29 10 23 11 21 24 28 11 31 25 14 11 12 13 4 5 29 7 12 7
32 1024
9 15 6 19 28 1 6 29 18 13 22 16 32 21 17 9 12 17 10 26 16 14 3 9 27 11 22 14 15 26 16 24
32 1024
4 5 16 9 4 7 13 21 13 15 13 7 18 1 15 29 26 20 2 7 32 20 11 12 17 1 4 4 17 15 23 31
32 1024
22 5 7 28 11 30 7 19 15 10 32 12 20 14 16 6 32 32 6 17 15 12 7 20 15 18 12 8 2 5 2 26
32 1024
32 13 8 13 18 6 20 22 24 31 15 30 4 28 20 4 29 21 21 24 29 21 22 1 19 27 16 24 2 28 15 11
32 1024
32 31 21 27 24 31 21 30 8 13 24 29 4 12 27 23 17 19 15 29 11 15 24 20 31 30 15 22 18 20 32 17
32 1024
24 26 13 6 29 10 9 11 32 20 29 10 19 29 6 32 29 27 21 31 24 26 14 12 19 26 9 1 16 14 21 12
32 1024
7 30 16 14 2 6 16 30 31 21 29 4 17 15 20 30 31 12 6 30 4 22 22 9 13 15 31 25 30 9 12 29
32 1024
13 11 30 20 6 19 10 22 5 15 24 11 31 2 5 17 25 6 2 26 15 4 18 11 15 29 16 31 27 5 7 2
32 1024
11 2 24 23 9 17 24 19 19 2 14 31 28 23 25 25 11 9 9 19 26 3 2 19 24 5 28 18 8 2 5 29
32 1024
32 2 29 23 11 1 24 21 7 14 32 32 8 13 17 23 19 22 27 10 4 19 4 32 8 6 3 18 3 1 6 14
32 1024
12 11 13 21 12 2 12 29 3 20 13 15 3 4 12 10 19 11 25 30 13 21 26 18 32 32 6 31 14 32 11 19
32 1024
15 30 8 15 13 20 20 9 6 18 21 11 14 29 10 18 10 11 2 16 21 8 3 10 30 19 4 26 9 1 18 14
32 1024
10 26 15 7 13 23 14 27 17 10 25 20 7 22 11 15 24 19 23 30 29 12 31 6 5 32 29 2 18 4 29 30
32 1024
28 31 1 28 12 12 28 19 2 28 24 11 16 17 16 2 29 4 22 10 4 1 14 8 18 6 17 23 11 7 12 3
32 1024
5 13 30 15 11 18 29 15 27 6 18 14 9 14 24 10 26 31 1 19 10 7 17 16 6 5 1 25 19 12 29 30
32 1024
5 4 6 30 8 9 17 17 27 10 7 31 16 11 3 7 14 3 23 25 15 31 7 28 2 29 12 9 10 18 18 14
32 1024
29 5 26 11 5 17 25 24 3 7 23 30 7 10 17 25 25 17 24 29 20 8 16 14 5 15 18 6 16 25 10 19
32 1024
11 15 25 22 2 11 20 5 17 29 3 9 13 10 3 1 28 7 5 30 24 2 12 5 15 26 19 16 6 2 5 13
32 1024
18 2 3 29 29 22 2 22 7 13 10 2 2 11 24 30 21 7 28 28 27 14 28 1 1 30 16 7 11 12 4 28
32 1024
15 31 25 2 24 18 3 13 4 22 12 8 7 13 16 16 6 16 32 23 29 10 31 2 26 27 8 12 31 23 5 1
32 1024
3 4 25 4 18 31 24 9 9 24 10 27 27 17 11 23 14 3 14 16 31 24 21 9 26 18 27 30 2 3 10 27
32 1024
15 19 5 3 11 30 32 10 20 19 2 28 30 22 10 20 14 30 7 5 31 24 31 21 1 2 9 29 21 17 19 10
32 1024
18 11 28 31 4 14 27 17 7 7 22 9 16 28 12 6 5 3 12 24 32 8 27 6 15 11 19 9 23 32 30 15
32 1024
13 13 31 25 27 15 9 29 1 21 6 4 18 3 17 13 19 17 28 9 31 10 11 29 5 14 23 3 8 16 13 9
32 1024
30 24 12 16 18 1 11 14 3 28 16 13 2 12 25 9 24 8 23 22 30 29 15 24 2 9 24 10 9 1 31 24
32 1024
7 12 5 4 9 5 31 4 11 29 22 2 3 22 5 27 20 9 30 1 27 1 5 25 7 30 19 30 24 19 20 28
32 1024
7 9 9 21 30 26 7 32 27 22 23 5 18 1 20 2 8 19 16 9 25 23 15 32 18 12 9 31 23 7 13 21
32 1024
31 15 25 4 19 32 3 1 19 9 19 21 16 14 6 30 19 6 13 14 21 29 12 11 5 20 27 14 5 28 8 4
32 1024
13 31 20 16 7 23 17 7 17 21 10 18 30 27 28 16 21 2 21 17 17 21 28 28 31 20 8 10 3 19 7 8
32 1024
19 24 25 25 26 32 19 18 23 26 29 28 27 10 20 22 15 8 9 17 11 31 31 18 32 14 17 19 15 10 10 1
32 1024
16 26 11 32 13 26 8 3 3 25 11 20 8 26 16 18 31 23 7 14 5 25 22 13 9 1 20 9 11 3 15 16
32 1024
4 6 7 3 30 5 17 24 24 16 20 25 3 12 15 3 7 15 17 8 31 5 32 13 24 14 19 13 23 29 24 20
32 1024
16 26 15 4 15 1 12 19 19 1 25 11 14 31 18 10 6 16 7 32 23 2 29 19 15 19 13 29 17 24 4 13
32 1024
19 24 2 2 31 15 27 20 22 12 25 11 8 19 23 5 29 27 7 20 15 16 14 30 14 18 3 28 27 21 19 27
32 1024
13 32 32 30 15 14 29 25 32 15 20 24 17 8 32 22 11 15 19 6 6 16 17 14 19 11 19 7 20 19 6 31
32 1024
30 16 9 22 30 30 18 4 17 12 10 18 10 30 12 28 16 12 10 22 29 32 8 4 32 28 31 32 28 18 27 23
32 1024
7 10 30 12 12 31 27 20 9 2 27 25 18 22 28 24 12 18 12 2 18 2 18 30 20 7 6 5 19 18 20 5
32 1024
7 13 30 31 25 18 23 10 9 17 8 13 9 15 14 8 31 2 26 12 7 22 16 30 15 10 9 25 26 20 17 9
32 1024
30 25 9 16 5 22 6 4 16 26 16 15 15 9 4 14 10 26 19 19 27 26 1 3 18 8 6 25 16 22 16 1
32 1024
12 14 31 30 17 11 8 4 30 28 19 30 4 4 29 9 12 29 23 23 15 16 4 14 28 30 31 6 21 27 19 15
32 1024
18 13 1 8 28 17 30 9 19 23 18 26 9 1 26 26 5 8 6 25 1 23 28 30 13 14 19 1 9 32 25 18
32 1024
14 21 14 17 6 9 6 19 16 11 11 4 29 31 25 31 22 29 1 24 19 15 6 19 5 23 2 9 13 6 2 10
32 1024
3 6 6 22 16 18 3 3 20 25 32 26 1 30 28 26 29 26 6 20 4 25 4 13 4 25 13 31 32 14 15 24
32 1024
14 1 9 25 25 12 18 24 31 31 17 30 19 31 2 10 28 1 23 13 21 19 21 12 11 20 19 1 2 23 30 26
32 1024
16 4 24 25 1 23 20 18 17 31 28 16 21 32 12 16 18 18 20 4 4 31 25 17 25 9 20 17 20 2 17 18
32 1024
10 17 18 22 8 20 10 17 11 25 3 14 6 3 24 10 32 11 27 23 19 29 16 27 14 23 16 14 20 13 8 32
32 1024
27 8 23 16 14 2 19 22 12 11 5 26 6 7 8 26 5 14 14 8 1 11 27 10 11 30 8 25 4 26 1 2
32 1024
4 7 8 8 20 1 16 32 20 23 2 19 22 13 27 31 1 26 12 23 15 11 25 30 15 30 27 16 3 8 30 26
32 1024
3 16 3 29 25 17 31 15 3 28 26 25 21 20 18 26 20 16 21 2 27 28 10 24 26 24 9 21 18 23 30 7
32 1024
26 2 10 15 29 19 2 3 26 26 14 13 3 27 11 9 30 14 10 11 7 30 15 23 12 11 18 7 16 8 1 9
32 1024
8 29 28 30 1 6 24 29 24 18 29 13 32 5 8 14 32 22 10 17 18 18 6 27 6 23 23 7 28 26 8 1
32 1024
14 1 26 11 4 10 1 27 29 3 7 27 13 15 8 8 25 7 21 20 29 22 17 5 6 28 23 19 25 13 18 13
32 1024
10 15 2 21 6 31 30 31 9 13 13 23 8 27 12 24 9 2 11 21 6 12 15 19 14 27 18 13 4 1 31 15
32 1024
30 6 22 28 7 6 14 9 29 16 14 31 19 8 18 28 17 5 12 19 15 20 1 7 30 19 8 20 31 23 15 7
32 1024
9 6 21 1 7 30 17 23 24 12 10 21 14 22 28 22 15 18 25 14 23 12 6 1 20 4 26 9 9 13 2 19
32 1024
11 16 32 2 7 7 7 11 26 2 1 24 23 5 9 5 5 8 17 6 31 22 30 31 18 14 7 10 2 6 25 21
32 1024
5 3 22 1 6 1 17 4 4 17 19 8 16 22 26 10 18 7 21 28 5 17 9 3 23 18 15 25 10 31 19 12
32 1024
22 31 22 29 4 13 14 3 20 25 1 5 24 8 13 4 23 16 3 14 11 29 7 12 3 15 18 21 2 25 16 24
32 1024
30 4 3 23 2 10 30 6 12 27 10 16 15 27 4 18 19 2 29 30 16 27 25 26 23 5 17 31 9 21 17 26
32 1024
29 18 26 13 30 24 1 15 11 22 14 8 22 16 30 23 6 29 2 12 21 9 30 13 17 21 10 21 31 18 21 17
32 1024
20 10 29 1 26 23 24 29 18 10 14 13 12 5 28 16 16 1 18 22 24 9 22 6 20 29 32 25 4 17 28 29
32 1024
2 11 11 19 22 8 1 16 31 23 8 32 17 28 28 31 17 15 14 30 27 27 1 4 29 31 16 10 25 16 6 30
32 1024
7 21 4 1 16 10 30 9 20 30 30 32 5 20 32 2 10 6 21 3 29 29 32 7 13 26 28 8 29 17 19 20
32 1024
3 9 8 13 10 29 15 7 16 29 16 13 9 14 7 28 26 6 7 5 31 17 18 16 5 15 2 20 16 19 4 32
